1 1938
1 1071
1 2371
1 1572
1 2319
1 1680
1 1657
1 2151
1 1410
1 1908
2 2434
2 356
2 740
2 136
2 3078
2 1345
2 2863
2 597
2 1183
2 1755
3 1496
3 1134
3 2652
3 205
3 799
3 3189
3 1149
3 1988
3 1223
3 1647
4 2939
4 2376
4 3128
4 3101
4 2377
4 1439
4 438
4 3043
4 2166
4 356
5 2716
5 2321
5 2003
5 2035
5 1829
5 1272
5 3011
5 2985
5 1409
5 2629
6 356
6 740
6 136
6 2826
6 438
6 2828
6 2306
6 1755
6 2804
6 859
7 2376
7 3043
7 356
7 740
7 2912
7 1353
7 3141
7 3104
7 136
7 3148
8 2625
8 2776
8 2951
8 1685
8 2371
8 1695
8 1611
8 1505
8 2500
8 2197
9 2776
9 1685
9 2371
9 1695
9 2951
9 3068
9 3158
9 2197
9 1261
9 2372
10 1262
10 2785
10 2664
10 950
10 1162
10 2685
10 1795
10 141
10 1306
10 3198
11 2699
11 2246
11 2717
11 2906
11 2923
11 1860
11 3080
11 1043
11 1923
11 2527
12 3127
12 1930
12 2319
12 1591
12 2379
12 2740
12 1680
12 3068
12 1462
12 1461
13 2897
13 2748
13 2491
13 1795
13 1901
13 2530
13 48
13 1362
13 1231
13 1652
14 2272
14 2964
14 3054
14 3011
14 2337
14 2397
14 2876
14 1724
14 856
14 2108
15 1231
15 2900
15 1947
15 115
15 2351
15 2897
15 1999
15 3125
15 1566
15 2835
16 3141
16 2376
16 2452
16 1210
16 1676
16 2378
16 2629
16 2114
16 409
16 3129
17 2897
17 2491
17 2748
17 1795
17 1757
17 2079
17 1154
17 1134
17 48
17 1362
18 1613
18 1811
18 799
18 1988
18 2897
18 1223
18 1852
18 1496
18 1665
18 1162
19 2664
19 950
19 1262
19 141
19 2714
19 392
19 2700
19 1158
19 2896
19 1795
20 2170
20 2506
20 2442
20 2059
20 2177
20 1961
20 2199
20 3139
20 1047
20 1481
21 2787
21 555
21 764
21 878
21 1037
21 1429
21 2061
21 3007
21 2904
21 2794
22 2384
22 2441
22 2564
22 2637
22 2638
22 2473
22 2751
22 2827
22 2924
22 1915
23 2914
23 2276
23 1778
23 1941
23 1951
23 2649
23 711
23 1081
23 1944
23 1987
24 1696
24 268
24 2727
24 3120
24 3043
24 2844
24 2912
24 2342
24 987
24 293
25 2318
25 1653
25 3048
25 2542
25 1533
25 1518
25 3070
25 2859
25 2984
25 2535
26 3128
26 1338
26 2626
26 2256
26 438
26 2379
26 2541
26 617
26 2632
26 1591
27 3011
27 2798
27 2918
27 2988
27 2669
27 2319
27 2740
27 2985
27 2928
27 2859
28 3032
28 2776
28 2849
28 1685
28 2890
28 1695
28 2197
28 2951
28 2949
28 383
29 1539
29 1933
29 1537
29 1538
29 2089
29 2770
29 1840
29 2462
29 1841
29 377
30 1926
30 2501
30 3087
30 850
30 202
30 1856
30 1591
30 2629
30 1213
30 2947
31 3047
31 2125
31 195
31 1686
31 2826
31 1327
31 2829
31 1929
31 533
31 2913
32 3139
32 2177
32 2619
32 1145
32 2059
32 1847
32 1481
32 2172
32 2461
32 1504
33 1954
33 2043
33 2805
33 1501
33 559
33 1662
33 2335
33 2778
33 1968
33 1285
34 1893
34 1667
34 1524
34 1633
34 2291
34 2458
34 1567
34 503
34 640
34 1763
35 1474
35 1397
35 1386
35 2165
35 393
35 2414
35 2090
35 3071
35 3203
35 3007
36 1265
36 2110
36 2061
36 1350
36 1131
36 2084
36 1824
36 1399
36 2030
36 2698
37 2265
37 2376
37 2651
37 2956
37 618
37 3103
37 2941
37 2958
37 3031
37 676
38 2265
38 2651
38 2941
38 3103
38 2958
38 2956
38 3031
38 2939
38 3100
38 3105
39 2651
39 1861
39 2956
39 2178
39 1614
39 2265
39 2406
39 3103
39 2958
39 2940
40 2651
40 1162
40 1485
40 1835
40 2316
40 2406
40 1588
40 1098
40 2956
40 2937
41 1951
41 2914
41 3137
41 3082
41 2371
41 2849
41 2276
41 3043
41 2649
41 3119
42 2494
42 462
42 204
42 2231
42 1653
42 2402
42 2215
42 2318
42 2401
42 2545
43 2569
43 2977
43 2924
43 2310
43 2754
43 3107
43 1554
43 1528
43 1182
43 3125
44 2829
44 2523
44 1404
44 2325
44 931
44 1260
44 1002
44 633
44 1424
44 525
45 2816
45 1976
45 2493
45 3002
45 2114
45 3137
45 1951
45 2876
45 2319
45 2318
46 1457
46 1699
46 329
46 891
46 1653
46 2631
46 2990
46 1032
46 2711
46 2494
47 1032
47 2288
47 1699
47 2882
47 891
47 1236
47 2832
47 2990
47 1457
47 651
48 1005
48 2611
48 2325
48 3010
48 2464
48 47
48 1066
48 2509
48 3130
48 1654
49 3134
49 1699
49 651
49 1032
49 2288
49 3012
49 275
49 2070
49 891
49 2882
50 1811
50 891
50 1613
50 2288
50 2664
50 634
50 3134
50 1457
50 1699
50 651
51 1811
51 1613
51 2664
51 2714
51 1924
51 3156
51 3075
51 1825
51 2498
51 1728
52 2721
52 3070
52 1928
52 3048
52 1541
52 605
52 1261
52 2749
52 1344
52 1533
53 139
53 514
53 569
53 2981
53 1887
53 2769
53 68
53 1817
53 1948
53 2986
54 3133
54 2958
54 2842
54 3170
54 2470
54 3031
54 2227
54 2651
54 2939
54 2178
55 1739
55 1896
55 1898
55 1355
55 1993
55 2650
55 2998
55 2921
55 3064
55 1453
56 2327
56 99
56 2842
56 2323
56 2716
56 1739
56 2931
56 1896
56 1898
56 1
57 3077
57 3140
57 1106
57 196
57 1
57 1137
57 437
57 209
57 1132
57 2939
58 1344
58 1631
58 2634
58 1474
58 1411
58 2592
58 2139
58 2098
58 2395
58 1445
59 2631
59 2905
59 1456
59 1700
59 1112
59 1681
59 3134
59 2111
59 2033
59 1665
60 3087
60 2967
60 1518
60 2876
60 3025
60 2593
60 2957
60 2882
60 2738
60 1532
61 634
61 2711
61 1032
61 2307
61 2114
61 3134
61 1830
61 2631
61 1236
61 1935
62 1961
62 2327
62 1424
62 2430
62 2790
62 1648
62 2932
62 950
62 2664
62 1368
63 950
63 1262
63 2664
63 2685
63 1795
63 141
63 2714
63 2781
63 392
63 2700
64 2651
64 2857
64 1588
64 1549
64 2513
64 1853
64 1972
64 2168
64 2998
64 1878
