1 1680
1 1572
1 1591
1 1605
1 1033
1 1885
1 2624
1 1071
1 1236
1 1506
2 1345
2 1046
2 971
2 1145
2 2317
2 3080
2 1939
2 2483
2 397
2 2850
3 1162
3 1496
3 2971
3 1134
3 1454
3 2652
3 1223
3 3189
3 1788
3 1459
4 3101
4 2939
4 3128
4 2376
4 2377
4 1439
4 3043
4 2342
4 3120
4 2166
5 2003
5 2716
5 2546
5 2626
5 2105
5 2035
5 2715
5 1188
5 2542
5 1409
6 2826
6 2306
6 2804
6 2828
6 1770
6 2230
6 971
6 2305
6 1113
6 3148
7 2657
7 3141
7 2042
7 2509
7 2903
7 1863
7 2226
7 1729
7 2223
7 2510
8 2625
8 1685
8 2951
8 1695
8 1611
8 2500
8 2499
8 2371
8 1261
8 1505
9 1685
9 1695
9 2951
9 1261
9 2371
9 3068
9 1611
9 2849
9 1989
9 2864
10 2785
10 1262
10 1496
10 1703
10 2873
10 1454
10 1306
10 2389
10 3184
10 2842
11 2246
11 3080
11 2717
11 1860
11 2906
11 2699
11 2091
11 2705
11 1923
11 3150
12 3127
12 2379
12 1591
12 3087
12 2319
12 1519
12 1680
12 2629
12 2741
12 2541
13 1947
13 2897
13 1807
13 2748
13 2856
13 3033
13 1795
13 3099
13 2787
13 2716
14 3054
14 2337
14 2146
14 2272
14 2950
14 1961
14 2904
14 2973
14 1386
14 3069
15 3125
15 2683
15 2685
15 2944
15 658
15 1947
15 1223
15 1961
15 2016
15 440
16 2376
16 2452
16 2378
16 1828
16 2114
16 409
16 3129
16 2740
16 2160
16 2999
17 1757
17 1999
17 1134
17 2897
17 2079
17 1795
17 3099
17 2491
17 1947
17 1223
18 1223
18 1162
18 2645
18 799
18 1613
18 2491
18 123
18 1134
18 2246
18 1454
19 2973
19 2714
19 3075
19 2266
19 2838
19 3156
19 2692
19 2289
19 950
19 2401
20 2769
20 2177
20 1961
20 2170
20 3139
20 2695
20 1847
20 2780
20 1481
20 2172
21 1525
21 1172
21 3069
21 2263
21 2787
21 2366
21 1967
21 2120
21 1961
21 1309
22 2384
22 2441
22 2564
22 2637
22 2638
22 2473
22 2004
22 2751
22 1915
22 3049
23 2276
23 2767
23 2914
23 3166
23 2884
23 2936
23 3069
23 2004
23 1072
23 2263
24 3120
24 1468
24 1216
24 1359
24 1233
24 2396
24 2931
24 3059
24 3020
24 20
25 2318
25 1653
25 3048
25 2535
25 3070
25 3147
25 1951
25 3136
25 1030
25 1199
26 2541
26 2632
26 1334
26 3128
26 1108
26 2840
26 972
26 2626
26 1518
26 2709
27 2740
27 2988
27 2798
27 2918
27 1960
27 2669
27 2582
27 2378
27 1334
27 2902
28 2776
28 2951
28 3032
28 2949
28 1989
28 2849
28 356
28 740
28 2890
28 2274
29 1539
29 3037
29 1537
29 1538
29 2089
29 1679
29 1840
29 2462
29 1841
29 2031
30 1926
30 1856
30 2501
30 397
30 2356
30 1651
30 2396
30 2917
30 1453
30 2947
31 2125
31 3043
31 1686
31 2370
31 2912
31 1135
31 1272
31 533
31 1346
31 1144
32 3139
32 2177
32 1504
32 2630
32 1847
32 1145
32 1961
32 2444
32 2155
32 2484
33 1404
33 2805
33 1954
33 2043
33 2554
33 559
33 1766
33 2605
33 2335
33 1662
34 1633
34 1524
34 1567
34 2291
34 2458
34 640
34 1763
34 2440
34 503
34 1620
35 1386
35 3071
35 2415
35 2094
35 2903
35 284
35 2701
35 2414
35 2490
35 1397
36 2110
36 1350
36 1265
36 1824
36 2739
36 2603
36 2698
36 2546
36 2030
36 2061
37 2265
37 2651
37 2956
37 2376
37 618
37 3103
37 2941
37 2632
37 2470
37 3031
38 2651
38 2265
38 2941
38 2958
38 3105
38 3031
38 3103
38 1359
38 2470
38 2002
39 2651
39 1861
39 2956
39 2178
39 1614
39 2265
39 3105
39 2941
39 2958
39 1693
40 2406
40 2316
40 1835
40 1485
40 1098
40 2937
40 2603
40 1454
40 2246
40 3105
41 2371
41 3137
41 1951
41 3082
41 2914
41 1885
41 1484
41 2435
41 1680
41 2080
42 2318
42 1030
42 2402
42 462
42 3048
42 1411
42 2984
42 93
42 1543
42 678
43 2310
43 1543
43 2004
43 3086
43 2535
43 1678
43 1771
43 1381
43 2308
43 2893
44 2523
44 931
44 1525
44 1686
44 1543
44 678
44 1002
44 1366
44 1381
44 2605
45 2816
45 3002
45 2114
45 1951
45 3137
45 2319
45 1032
45 2318
45 3089
45 2680
46 1457
46 1699
46 1653
46 329
46 2990
46 2631
46 2519
46 891
46 1267
46 2542
47 1699
47 1032
47 1236
47 2288
47 2882
47 2990
47 1457
47 1681
47 2372
47 891
48 3069
48 2509
48 3166
48 1863
48 1729
48 2223
48 2510
48 2767
48 2263
48 2004
49 891
49 3134
49 2288
49 1032
49 1457
49 1699
49 651
49 2519
49 2070
49 275
50 1811
50 3134
50 2519
50 1457
50 891
50 1613
50 634
50 1699
50 651
50 657
51 2714
51 2973
51 3075
51 2664
51 2863
51 3156
51 2769
51 1613
51 1852
51 3006
52 2721
52 1928
52 1366
52 3070
52 3048
52 605
52 2749
52 1541
52 2742
52 1261
53 139
53 514
53 569
53 2981
53 2327
53 1948
53 1707
53 2648
53 68
53 2769
54 2842
54 2958
54 2651
54 3031
54 2705
54 2227
54 2972
54 3170
54 2265
54 1470
55 3064
55 1739
55 1455
55 2184
55 1551
55 2317
55 1846
55 1453
55 2704
55 265
56 2327
56 1703
56 2705
56 2645
56 2931
56 2739
56 1471
56 2091
56 1541
56 644
57 3077
57 3140
57 2802
57 1106
57 71
57 1463
57 2210
57 2518
57 1248
57 3204
58 1631
58 1411
58 2634
58 1344
58 2904
58 1474
58 2624
58 2435
58 1885
58 2592
59 1116
59 2631
59 2000
59 2033
59 2543
59 1441
59 1703
59 1456
59 2650
59 1438
60 1518
60 3025
60 3087
60 2371
60 2379
60 2319
60 1591
60 2188
60 1680
60 1484
61 1032
61 634
61 2711
61 2114
61 1935
61 3129
61 1236
61 2307
61 2631
61 3134
62 1961
62 2931
62 2709
62 2195
62 3087
62 2326
62 2598
62 2851
62 2167
62 2484
63 950
63 1262
63 2785
63 1795
63 3061
63 1915
63 3156
63 2685
63 1468
63 1601
64 2051
64 1046
64 1024
64 2561
64 3074
64 3076
64 2570
64 1035
64 2572
64 1549
