1 1591
1 1938
1 1827
1 1033
1 2319
1 1523
1 2379
1 3087
1 1393
1 1605
2 3059
2 1931
2 3034
2 1379
2 1062
2 2939
2 1764
2 1387
2 1488
2 2905
3 1366
3 1098
3 3135
3 2864
3 2721
3 1196
3 2990
3 1135
3 1650
3 2154
4 1665
4 1727
4 2931
4 2916
4 2233
4 2342
4 1856
4 2721
4 2181
4 1366
5 2002
5 2233
5 2931
5 1366
5 2003
5 1194
5 1671
5 1665
5 1727
5 671
6 2916
6 1727
6 2931
6 2721
6 2233
6 1665
6 2195
6 2216
6 3048
6 2911
7 2233
7 1665
7 1366
7 2289
7 2181
7 1727
7 2864
7 2916
7 2931
7 2342
8 2776
8 2852
8 2147
8 1387
8 637
8 1928
8 3034
8 2166
8 2217
8 2918
9 1928
9 1387
9 2776
9 2372
9 2198
9 2882
9 3183
9 2127
9 3011
9 2317
10 2316
10 1366
10 1098
10 249
10 2603
10 2705
10 1795
10 2406
10 2645
10 2865
11 2923
11 2316
11 2906
11 2603
11 2699
11 3148
11 2208
11 1098
11 1366
11 2705
12 1461
12 3068
12 1462
12 2319
12 2882
12 1912
12 2740
12 3127
12 2867
12 2985
13 2897
13 1362
13 48
13 1030
13 66
13 2748
13 1444
13 1757
13 1922
13 2645
14 2889
14 2181
14 3015
14 1196
14 1135
14 1650
14 1879
14 1725
14 2289
14 2827
15 2344
15 2002
15 1366
15 3015
15 2181
15 2889
15 2233
15 1135
15 2178
15 2827
16 2002
16 1928
16 2198
16 1135
16 3160
16 1366
16 2358
16 2931
16 2979
16 409
17 1366
17 2233
17 2002
17 3000
17 2864
17 2181
17 3080
17 2178
17 2198
17 1135
18 1366
18 1098
18 2316
18 1988
18 409
18 3087
18 249
18 1811
18 48
18 1711
19 2902
19 3166
19 371
19 2884
19 2273
19 2950
19 1601
19 2767
19 1262
19 2007
20 3152
20 1961
20 1856
20 2480
20 185
20 2627
20 2263
20 321
20 3115
20 696
21 371
21 409
21 1366
21 2325
21 2968
21 1719
21 2389
21 2370
21 1680
21 796
22 1366
22 2572
22 1847
22 2147
22 1928
22 2289
22 3081
22 2341
22 3028
22 2840
23 371
23 409
23 1862
23 2709
23 1366
23 2433
23 2968
23 2092
23 2370
23 3025
24 3043
24 2342
24 2376
24 1696
24 3141
24 412
24 2844
24 2740
24 20
24 268
25 1366
25 1653
25 2812
25 2181
25 2198
25 2985
25 1719
25 2344
25 2002
25 1196
26 1387
26 2840
26 2939
26 2626
26 3034
26 1290
26 637
26 3011
26 1341
26 3068
27 1725
27 2198
27 1196
27 2798
27 3011
27 3000
27 2864
27 2297
27 3015
27 2985
28 2916
28 1727
28 1665
28 2216
28 2289
28 2181
28 2233
28 2195
28 2721
28 2197
29 1933
29 1539
29 371
29 1783
29 2229
29 409
29 2644
29 1366
29 1719
29 531
30 2479
30 2876
30 2144
30 2985
30 2882
30 1912
30 2840
30 2852
30 2198
30 2702
31 2233
31 1727
31 1856
31 2931
31 1665
31 2195
31 2554
31 2470
31 1108
31 670
32 1727
32 2916
32 2289
32 2233
32 1856
32 1665
32 1847
32 2554
32 2195
32 2181
33 1727
33 2916
33 2233
33 1665
33 2554
33 3048
33 2889
33 2195
33 2181
33 2197
34 2889
34 2178
34 1725
34 1727
34 3015
34 1650
34 1847
34 3135
34 2851
34 1879
35 2714
35 278
35 1397
35 1366
35 2554
35 2002
35 1386
35 2167
35 2916
35 2344
36 2061
36 1350
36 1265
36 1162
36 2030
36 2110
36 2739
36 1455
36 1454
36 2703
37 1727
37 1665
37 2916
37 3048
37 2233
37 1856
37 2195
37 2470
37 1003
37 2554
38 1727
38 1856
38 1408
38 1665
38 2931
38 2195
38 2470
38 2916
38 1847
38 1003
39 2931
39 1366
39 1856
39 2233
39 2940
39 3015
39 2002
39 464
39 1098
39 2198
40 2916
40 2931
40 2911
40 1727
40 2233
40 2316
40 1098
40 2645
40 1877
40 1588
41 1366
41 2198
41 1928
41 2181
41 2864
41 2002
41 3000
41 2233
41 3087
41 2572
42 1653
42 2370
42 1366
42 1680
42 2812
42 2318
42 1719
42 1771
42 1543
42 409
43 1366
43 2002
43 2233
43 2181
43 1404
43 2812
43 2494
43 2864
43 1879
43 1834
44 1404
44 2494
44 2829
44 2812
44 2325
44 1366
44 3078
44 2181
44 1003
44 1325
45 1856
45 1665
45 1194
45 2344
45 2233
45 2002
45 3048
45 2470
45 1976
45 1108
46 1856
46 2233
46 1665
46 1366
46 1032
46 1194
46 2931
46 2002
46 2181
46 2470
47 1665
47 1856
47 1727
47 2746
47 2344
47 3048
47 2916
47 2990
47 3015
47 2233
48 2916
48 1727
48 2233
48 2198
48 2181
48 2889
48 3160
48 3048
48 1665
48 2721
49 1727
49 2916
49 2990
49 2882
49 2198
49 2985
49 1665
49 2195
49 2721
49 2479
50 1457
50 1811
50 2288
50 891
50 634
50 2882
50 2990
50 1601
50 3034
50 3134
51 371
51 409
51 3006
51 1680
51 1366
51 2968
51 2723
51 1752
51 2370
51 1811
52 1366
52 1928
52 2721
52 2147
52 2979
52 3028
52 1783
52 3070
52 2572
52 1711
53 2714
53 1501
53 717
53 514
53 569
53 139
53 2031
53 2144
53 2096
53 278
54 2178
54 1366
54 3015
54 1135
54 2864
54 2002
54 1650
54 2198
54 1879
54 1997
55 2002
55 1366
55 1650
55 1665
55 2194
55 1725
55 2889
55 3056
55 1098
55 1135
56 2233
56 1727
56 1856
56 1665
56 1366
56 2470
56 2931
56 2916
56 2181
56 2002
57 3077
57 1665
57 2219
57 2864
57 1856
57 1997
57 1695
57 2931
57 1003
57 1844
58 1366
58 3087
58 2002
58 2470
58 409
58 695
58 1650
58 1719
58 1827
58 1665
59 1856
59 2002
59 3087
59 2233
59 1366
59 944
59 1665
59 2931
59 2194
59 695
60 2002
60 2127
60 3025
60 1856
60 695
60 3087
60 2424
60 1844
60 1462
60 3142
61 2233
61 2916
61 1727
61 1725
61 1665
61 3048
61 2002
61 2344
61 2113
61 2990
62 2164
62 3098
62 3046
62 1366
62 2200
62 1719
62 409
62 2357
62 1711
62 1379
63 371
63 409
63 1366
63 2968
63 2289
63 1719
63 1711
63 2370
63 3087
63 2679
64 1390
64 2470
64 409
64 2753
64 1588
64 2723
64 1878
64 2456
64 2484
64 2002
