1 1938
1 1071
1 1591
1 1680
1 2371
1 2319
1 1844
1 1572
1 2379
1 2535
2 356
2 740
2 1345
2 136
2 597
2 1397
2 1183
2 2434
2 1755
2 2317
3 1496
3 1162
3 2652
3 2971
3 799
3 205
3 1454
3 1647
3 637
3 1703
4 2939
4 3101
4 3128
4 2377
4 2376
4 3043
4 1601
4 2342
4 1439
4 2914
5 2003
5 2716
5 3011
5 1188
5 2546
5 2985
5 2105
5 2812
5 1435
5 2321
6 2826
6 356
6 740
6 136
6 1397
6 1755
6 438
6 2424
6 1517
6 3035
7 2657
7 371
7 2042
7 3104
7 3043
7 2903
7 2902
7 1559
7 2767
7 2509
8 1685
8 2776
8 2625
8 2951
8 2371
8 1695
8 1591
8 1680
8 2499
8 1261
9 1685
9 2371
9 1591
9 3068
9 2776
9 2951
9 2319
9 1680
9 2379
9 1695
10 1162
10 1366
10 1496
10 1188
10 2406
10 1262
10 1454
10 1703
10 2785
10 1306
11 1162
11 2246
11 2923
11 2316
11 2717
11 2906
11 1188
11 3080
11 1703
11 2406
12 1591
12 2319
12 1680
12 2379
12 2740
12 3068
12 3127
12 1462
12 1033
12 3087
13 2897
13 1362
13 2748
13 48
13 1652
13 2491
13 243
13 2559
13 2888
13 675
14 2263
14 2146
14 3011
14 3054
14 2950
14 2348
14 1961
14 2337
14 2884
14 2272
15 2897
15 1566
15 1231
15 2900
15 3085
15 3033
15 3099
15 1719
15 1999
15 1932
16 2740
16 1591
16 2629
16 2452
16 1680
16 2378
16 2114
16 2376
16 1226
16 1959
17 2897
17 2491
17 1362
17 48
17 1652
17 1757
17 2748
17 243
17 1154
17 2527
18 1162
18 2897
18 1811
18 1496
18 1613
18 2652
18 2645
18 2246
18 1665
18 799
19 371
19 2714
19 1559
19 2146
19 2884
19 2767
19 2263
19 1539
19 199
19 2283
20 1961
20 2630
20 1504
20 2490
20 371
20 2170
20 2701
20 1559
20 2094
20 2133
21 1525
21 3166
21 2263
21 1172
21 2004
21 2366
21 2061
21 2110
21 1946
21 2490
22 2751
22 2441
22 2638
22 2384
22 2004
22 2564
22 2637
22 1525
22 3049
22 2827
23 1525
23 2914
23 2004
23 3166
23 2276
23 2767
23 1951
23 1946
23 371
23 2263
24 2342
24 1588
24 3043
24 2999
24 2727
24 2912
24 987
24 3120
24 2307
24 1359
25 2318
25 3048
25 2859
25 3070
25 2535
25 3136
25 1938
25 1518
25 1680
25 2319
26 1591
26 1680
26 2379
26 2319
26 3128
26 2740
26 972
26 3068
26 1033
26 1108
27 2798
27 1591
27 2319
27 3011
27 2740
27 1680
27 2859
27 2379
27 2918
27 3068
28 1685
28 2776
28 3032
28 2890
28 2949
28 2951
28 1695
28 1261
28 2197
28 2849
29 1539
29 1933
29 2770
29 2031
29 1631
29 1537
29 1538
29 2089
29 1840
29 2462
30 1591
30 1938
30 3087
30 2379
30 2629
30 1680
30 1033
30 2955
30 2371
30 2188
31 3047
31 1686
31 2125
31 1929
31 2826
31 1327
31 2829
31 2370
31 1144
31 1261
32 3139
32 1504
32 2630
32 2177
32 1961
32 2619
32 1847
32 2490
32 1145
32 2059
33 1404
33 2325
33 2805
33 1782
33 1954
33 2043
33 1809
33 2887
33 2554
33 1501
34 1644
34 1893
34 1667
34 1524
34 1633
34 1567
34 640
34 2291
34 2458
34 503
35 1386
35 371
35 3071
35 2884
35 1559
35 2767
35 2263
35 1946
35 2146
35 1539
36 1350
36 2110
36 2061
36 1265
36 2030
36 1162
36 1824
36 2739
36 2902
36 2603
37 2265
37 2651
37 2956
37 2376
37 3103
37 1719
37 618
37 2958
37 3031
37 3105
38 2651
38 2265
38 3103
38 2958
38 2956
38 3031
38 2939
38 3105
38 2406
38 1359
39 2651
39 2406
39 2178
39 1861
39 2265
39 1162
39 3105
39 2956
39 3103
39 2937
40 2406
40 1162
40 2651
40 2316
40 1588
40 1098
40 1485
40 1703
40 1454
40 1366
41 1951
41 2371
41 1591
41 2914
41 3137
41 2188
41 1680
41 3082
41 2882
41 1938
42 2318
42 1653
42 2231
42 2402
42 1030
42 3048
42 2494
42 1525
42 462
42 678
43 1525
43 1659
43 2569
43 1771
43 1404
43 2977
43 1844
43 2310
43 1654
43 1366
44 1404
44 2829
44 2523
44 2325
44 1260
44 931
44 1366
44 2494
44 1809
44 1525
45 2319
45 3002
45 2344
45 2114
45 1591
45 1976
45 3137
45 1951
45 2318
45 2629
46 1457
46 891
46 329
46 1653
46 1699
46 2990
46 1032
46 1516
46 2812
46 3134
47 2882
47 2288
47 1032
47 1699
47 3134
47 1236
47 891
47 2990
47 1457
47 2344
48 2263
48 1559
48 1539
48 371
48 2767
48 2884
48 3069
48 2273
48 2509
48 3166
49 2882
49 3134
49 1591
49 1680
49 1959
49 1938
49 1032
49 2288
49 2319
49 3012
50 1811
50 2288
50 891
50 3134
50 1457
50 1032
50 1699
50 1613
50 1825
50 2723
51 1811
51 2714
51 1924
51 2863
51 2862
51 3006
51 371
51 3075
51 1613
51 1825
52 3070
52 1928
52 2721
52 3048
52 2862
52 1261
52 1366
52 2749
52 2859
52 1344
53 1887
53 68
53 514
53 569
53 2986
53 2981
53 139
53 2769
53 2046
53 2716
54 2651
54 2406
54 2939
54 3077
54 2842
54 2265
54 3104
54 2958
54 3103
54 1162
55 1739
55 1162
55 3064
55 1355
55 1896
55 1898
55 2921
55 2650
55 2998
55 1993
56 1162
56 2327
56 1703
56 2842
56 1253
56 2705
56 2645
56 2406
56 2316
56 1454
57 3077
57 2802
57 3091
57 2939
57 71
57 1106
57 2850
57 2518
57 3140
57 2705
58 1631
58 1344
58 2592
58 1411
58 1474
58 1691
58 2188
58 2859
58 1518
58 1591
59 2905
59 3098
59 3046
59 3134
59 2033
59 1116
59 2000
59 1703
59 2847
59 1806
60 3087
60 1518
60 1591
60 2371
60 2882
60 2188
60 3025
60 2955
60 2379
60 2859
61 2114
61 3134
61 1032
61 849
61 634
61 3129
61 2711
61 2307
61 2288
61 2437
62 1961
62 2214
62 2327
62 950
62 1998
62 2484
62 1887
62 2932
62 1424
62 2664
63 371
63 2884
63 2263
63 3166
63 2714
63 1559
63 2767
63 950
63 2146
63 2004
64 1588
64 2857
64 527
64 1853
64 2513
64 2651
64 2998
64 1878
64 2168
64 1972
