

01 1410 
01 1572 
01 1605 
01 2020 
01 2358 
02 2434 
02 2863 
02 3078 
03 1134 
03 1613 
03 1807 
03 1947 
03 2290 
03 2923 
04 1749 
04 1811 
04 2256 
04 2371 
04 2597 
04 2796 
04 2912 
04 3043 
04 3073 
04 3082 
04 3127 
04 3128 
05 0756 
05 1307 
05 1502 
05 2035
05 2299 
05 2399 
05 2501
05 2820
06 1543 
06 2078 
06 2828 
07 1198 
07 1338 
07 1877 
07 1960 
07 2150 
07 2228 
07 2256 
07 2280 
07 2320 
07 2342 
07 2376 
07 2482 
07 2578 
07 2597 
07 2618 
07 2685 
07 2700 
07 2777 
07 2865 
07 2866 
07 2895 
07 2912 
07 2941 
07 3043 
07 3082 
07 3128 
07 3141 
07 3148 
08 2625 
08 2849
08 3032
09 2372 
09 2632
09 2870 
09 2876
09 3068 
09 3111 
09 3128
09 3158 
09 3177
10 0046 
10 0141 
10 0392 
10 0950 
10 1158 
10 1198 
10 1262 
10 1380 
10 1471 
10 1601 
10 1613 
10 1747 
10 1795 
10 1811 
10 2060 
10 2150 
10 2256 
10 2289 
10 2342 
10 2376 
10 2433 
10 2618 
10 2664 
10 2685 
10 2700 
10 2714 
10 2777 
10 2785 
10 2851 
10 2895 
10 2896 
10 2912 
10 3039 
10 3075 
10 3156 
11 1043 
11 1188 
11 1306 
11 1358 
11 1396 
11 1491 
11 1923 
11 2246 
11 2316 
11 2527 
11 2699 
11 2710 
11 2715 
11 2716 
11 2906 
11 2923 
11 2956 
11 3073 
11 3150 
12 1523 
12 2080 
12 2246 
12 2629 
12 3127 
13 0115 
13 1223 
13 1231 
13 1551 
13 1625 
13 1795 
13 1807 
13 1947 
13 2495 
13 2579 
13 2897 
14 0074 
14 0117 
14 0232 
14 0776
14 0827 
14 0850
14 0851
14 0852 
14 0854 
14 0855
14 0856 
14 0857
14 0858
14 0860
14 0861
14 0862
14 0864 
14 0865
14 0866 
14 1175
14 1724 
14 1919 
14 1956
14 1969
14 1980
14 1997
14 2017 
14 2041
14 2108 
14 2118 
14 2146
14 2176
14 2191 
14 2272 
14 2337 
14 2348 
14 2397 
14 2563
14 2664
14 2679
14 2714
14 2716
14 3075 
14 3187
15 1231
15 1551
15 1613
15 1947 
15 2263 
15 2495
15 2598 
15 2685 
15 2701 
15 2880 
16 1746
16 1749
16 1828
16 1854
16 1960
16 2070 
16 2114 
16 2342
16 2376 
16 2378
16 2500
16 2632
16 2817
16 2912
16 3073
16 3105
16 3148 
17 0115 
17 0405 
17 1134 
17 1223 
17 1231 
17 1535 
17 1551 
17 1613 
17 1807 
17 1934 
17 1947 
17 2290 
17 2495 
17 2579 
17 2586 
17 2923 
18 1158 
18 1215 
18 1262 
18 1471 
18 1613 
18 1811 
18 2060 
18 2175 
18 2413 
18 2433 
18 2685 
19 0141
19 0863
19 0950
19 1601
19 2266
19 2664
19 2714
19 2973
19 3075
19 3156
19 3175
20 1563
20 2695
20 2986
21 1429 
21 1847 
21 2189 
21 2490 
21 2603 
21 2701 
21 2702 
21 2703 
21 2932 
21 3018 
21 3139 
22 2369
22 2384 
22 2441 
22 2473 
22 2564 
22 2637 
22 2638 
22 2678
22 2692
22 2751 
22 2760 
22 2761 
22 2827 
22 2828
22 2829
22 3116
22 3149
23 2578 
23 2849 
23 3137 
23 3148 
24 0268 
24 1696 
24 1892 
24 2069 
24 2123 
24 2297 
24 2373 
24 2667 
24 2862 
24 2970 
24 2996 
24 3078 
24 3098 
25 0268 
25 0757 
25 0963 
25 1408 
25 1518 
25 1526 
25 1533 
25 1572 
25 1653 
25 1698 
25 1719 
25 1805 
25 1892 
25 1901 
25 2085 
25 2095 
25 2218 
25 2277 
25 2318 
25 2319 
25 2358 
25 2373 
25 2434 
25 2452 
25 2535 
25 2582 
25 2667 
25 2668 
25 2669 
25 2681 
25 2741 
25 2765 
25 2798 
25 2818 
25 2831 
25 2859 
25 2862 
25 2863 
25 2881 
25 2918 
25 2928 
25 2984 
25 2988 
25 2996 
25 3006 
25 3048 
25 3059 
25 3067 
25 3088 
25 3089 
25 3119 
26 1071 
26 1198 
26 1338 
26 1749 
26 1828 
26 1854 
26 1960 
26 2080 
26 2150 
26 2256 
26 2320 
26 2342 
26 2376 
26 2379 
26 2541 
26 2597 
26 2618 
26 2632 
26 2700 
26 2740 
26 2777 
26 2851 
26 2866 
26 2912 
26 2938 
26 3039 
26 3043 
26 3048 
26 3082 
26 3128 
27 1641 
27 1642 
27 1750 
27 1752 
27 1879 
27 1884 
27 1901 
27 2095 
27 2297 
27 2435 
27 2481 
27 2498 
27 2560 
27 2596 
27 2669 
27 2734 
27 2747 
27 2768 
27 2798 
27 2818 
27 2859 
27 2864 
27 2902 
27 2918 
27 2955 
27 2983 
27 2988 
27 3000 
27 3052 
28 2578
28 2849 
28 2890 
28 2949 
28 3032 
29 0377 
29 0513 
29 0610 
29 0935 
29 1094 
29 1420 
29 1537 
29 1538 
29 1539 
29 1840 
29 1841 
29 1967 
29 2028 
29 2089 
29 2120 
29 2462 
29 2927 
29 2932 
29 3037 
30 1926 
30 2486 
30 2786 
30 2917 
31 2125 
31 3047 
32 0366 
32 1145 
32 3139 
33 2805 
36 1265 
36 1350 
36 1683 
36 1768 
36 1787 
36 1825 
36 1836 
36 2015 
36 2084 
36 2110 
36 2179 
36 2340 
36 2423 
36 2702 
36 2708 
36 2733 
36 2824 
36 2836 
36 2986 
36 3094 
37 2265
37 2377
37 2558
37 2625
37 2632
37 2651
37 2738
37 2840
37 2939
37 2941
37 3144
37 3148
38 2265
38 2558
38 2625
38 2632
38 2651
38 2868
38 2939
38 2940
38 2941
38 2956
38 2957
38 2958
38 2960
38 3031
38 3103
38 3150
39 1693
39 1861
39 2126
39 2265
39 2317
39 2558
39 2625
39 2632
39 2651
39 2939
39 2941
39 3031
40 1614
40 2126
40 2148
40 2265
40 2651
40 2939
40 2940
40 2941
40 2956
40 2958
42 0963
42 1069
42 1518
42 1572
42 1653
42 1805
42 1827
42 1884
42 2022
42 2085
42 2151
42 2247
42 2318
42 2344
42 2522
42 2542
42 2749
42 2951
42 2984
42 3048
42 3072
43 0122
43 0266
43 0297
43 0462
43 1113
43 1325
43 1528
43 1554
43 1686
43 1697
43 2004
43 2195
43 2201
43 2211
43 2382
43 2400
43 2421
43 2514
43 2523
43 2655
43 2687
43 2751
43 2754
43 2771
43 2788
43 2811
43 2826
43 2827
43 2828
43 2829
43 2841
43 2883
43 2910
43 2913
43 2924
43 2994
43 3047
43 3062
43 3116
43 3149
43 3172
44 1804
44 1891
44 2004
44 2382
44 2514
44 2523
44 2547
44 2687
44 2751
44 2771
44 2827
44 2829
44 2910
44 2913
44 2924
44 3013
44 3047
45 0268
45 1831
45 1935
45 2140
45 2257
45 2359
45 2360
45 2452
45 2493
45 2669
45 2680
45 2716
45 2765
45 2816
45 2878
45 2882
45 2900
45 2964
45 2965
45 2969
45 3002
45 3058
45 3129
45 3137
45 3152
45 3168
48 0149
48 1353
48 1666
48 1729
48 1797
48 1863
48 2073
48 2223
48 2226
48 2285
48 2325
48 2589
49 1152
49 1515
49 1681
49 2127
49 2390
49 2561
49 2795
49 2832
57 3077
58 0432
58 0536
58 1293
58 1344
58 1398
58 1411
58 1420
58 1445
58 1619
58 1629
58 1631
58 1691
58 1709
58 1812
58 1944
58 2098
58 2115
58 2122
58 2123
58 2249
58 2349
58 2395
58 2634
58 2636
58 2719
58 2731
58 2825
58 3159
58 3166
58 3167
59 0440
59 0944
59 1112
59 1170
59 1235
59 1314
59 1324
59 1456
59 1457
59 1700
59 1785
59 1786
59 1855
59 1860
59 1885
59 1973
59 2018
59 2032
59 2033
59 2092
59 2107
59 2111
59 2127
59 2203
59 2251
59 2274
59 2359
59 2412
59 2524
59 2530
59 2532
59 2537
59 2543
59 2552
59 2559
59 2631
59 2673
59 2905
59 2974
59 2991
59 3053
59 3083
59 3126
60 2023
60 2046
60 2198
60 2377
60 2406
60 2452
60 2493
60 2516
60 2526
60 2593
60 2710
60 2715
60 2716
60 2717
60 2718
60 2765
60 2816
60 2817
60 2882
60 2957
60 2959
60 2960
60 2964
60 2976
60 3087
60 3137
60 3147
61 0239
61 0440
61 0634
61 1032
61 1236
61 1457
61 1514
61 1675
61 1830
61 1927
61 1976
61 2160
61 2307
61 2363
61 2451
61 2452
61 2524
61 2575
61 2631
61 2641
61 2711
61 2765
61 2965
61 2966
61 2976
61 2990
61 3001
61 3012
61 3134
61 3168
61 3169
62 0950
62 1601
62 1811
62 2289
62 2664
62 2714
62 3075
62 3156
63 0950
63 1601
63 1795
63 1811
63 2266
63 2289
63 2557
63 2664
63 2714
63 2973
63 3075
63 3156
64 2651

# THE END
